35
-10
-50
40
40
-25
-10
-50
10
0
20
35
45
30
-15
20
10
-50
-30
10
50
50
-40
10
45
50
-50
-20
-10
-10
-10
-5
-35
30
45
45
25
-10
-15
45
50
-40
50
40
30
45
20
-15
45
-20
25
10
-10
-25
20
40
-25
0
30
-50
40
-15
50
-20
-35
15
0
15
-40
-25
15
-50
0
0
35
30
-15
30
-25
-45
15
-30
-10
45
5
-50
-50
-35
20
-15
25
30
35
50
-30
-40
40
-5
-25
15
-40
35
5
30
-15
-50
0
-15
-10
20
-35
-40
-45
25
-40
-35
45
5
25
50
-40
-25
40
-45
-5
-50
40
-10
-25
0
-20
35
-40
40
-35
-20
40
0
0
-40
50
45
5
-25
-20
-35
-20
-35
40
15
15
-30
-20
-45
45
35
-45
15
-25
-10
-40
-45
-45
40
40
20
-30
45
-45
0
15
-15
-25
50
-40
5
10
-50
50
40
15
-35
40
50
-10
-50
40
25
20
5
-30
-30
-50
-10
-50
15
15
5
-30
-5
-35
-45
15
40
-25
20
5
25
35
5
25
-40
25
35
0
-25
-45
-25
25
-10
15
25
30
-25
50
-5
10
-25
10
-40
30
-5
-10
-20
5
20
25
10
-40
40
20
25
45
20
-45
-50
-5
-5
-20
40
15
-25
30
25
-50
-20
25
40
-50
20
5
35
15
10
20
15
0
40
-30
20
15
50
20
45
-40
-45
10
45
-25
45
-35
-10
-10
-30
30
-20
40
-15
-25
-15
-50
5
-35
-30
-45
50
-30
-35
-15
-45
-15
-45
45
-35
5
15
-10
-5
15
15
-10
40
40
5
-15
10
-15
30
45
20
45
10
-5
-5
-10
-5
-15
25
0
0
-15
50
50
15
30
0
25
30
45
10
-50
-50
-25
-35
10
20
-45
-35
-30
40
-10
20
0
-35
-35
-15
25
35
-30
-20
-10
-50
-45
0
-20
-5
15
30
-25
45
45
40
40
10
10
-25
10
-35
10
15
10
50
-20
-40
50
-25
40
-35
40
45
25
5
-15
40
-40
-30
-50
-45
5
20
35
-15
30
-10
50
5
20
-10
-50
-50
-15
40
30
45
-30
40
5
0
30
-5
20
45
-25
20
5
-35
-5
-40
30
-40
-50
20
-10
-35
10
25
0
-15
15
-35
-15
20
25
-40
-5
25
-10
10
-35
5
-45
35
-20
-30
-40
15
10
-5
20
10
-35
35
50
-5
-20
25
50
0
35
-50
-30
-15
-5
5
35
30
-25
-25
0
-10
-25
20
50
-40
20
10
20
-35
30
-5
25
-40
-5
-10
10
-5
-10
-50
0
-25
-10
-20
-15
45
25
45
35
40
-40
40
40
5
-50
-25
35
-20
-50
10
-45
20
-40
-45
45
30
5
30
50
20
45
40
25
45
-15
5
5
0
25
-10
50
-50
50
-5
10
20
50
20
-45
20
-45
10
-50
50
35
10
-50
-30
50
-20
25
-25
10
50
-5
-50
20
35
-45
20
-35
40
40
-10
-30
-5
5
-5
-5
-35
-40
5
-5
10
-10
-15
30
-30
-40
5
45
20
30
-45
35
-10
45
-35
10
-30
-25
-15
20
35
25
-45
35
25
45
10
25
-35
40
5
5
-10
-45
10
20
5
30
10
-5
-15
0
-20
-25
-50
5
-20
-20
-5
0
15
-20
-45
-40
5
-15
5
35
35
-15
-25
-5
10
-5
20
5
50
-20
-5
-15
50
0
10
-35
40
45
15
5
-50
-30
25
25
-15
-30
35
25
-10
40
20
-45
20
-30
45
30
15
-40
40
-20
50
-45
10
35
-25
20
-20
10
10
-25
-30
-45
-35
40
50
25
-30
-25
45
-40
45
30
15
50
-5
5
10
-5
20
-40
15
-45
45
-45
-45
35
45
0
-15
5
-50
-40
50
30
50
-35
-40
45
-30
-5
40
-10
30
-30
25
25
40
30
25
-20
-15
10
40
-45
25
15
-10
-10
-20
-5
25
-20
0
-10
-35
15
-40
20
-50
5
-25
30
-35
30
-45
20
-20
-20
-50
-5
40
-15
0
10
50
40
40
-30
25
35
-35
10
-10
5
40
-10
-10
-35
-40
20
-25
-25
-35
50
35
45
-20
15
-35
50
-10
0
-20
35
-30
10
45
10
-20
-35
0
-5
-30
-40
-40
-50
45
-35
25
-25
5
-25
-35
-50
15
30
15
35
25
-25
-35
20
-30
10
50
30
10
-40
-10
15
5
40
-25
-35
50
35
-40
-40
10
-40
-15
-30
20
-10
-15
35
30
-5
-30
10
5
-25
30
-5
5
15
-5
0
10
-35
-45
40
50
-40
5
-20
-40
15
50
50
50
50
5
-50
0
-20
-35
-5
-5
-20
45
15
40
35
10
-15
25
15
15
-35
10
25
-20
35
-25
15
-20
15
40
-40
-25
35
-15
15
20
45
5
0
-40
-25
-50
-50
45
40
-15
-20
-10
-10
50
-20
10
15
50
10
-40
-40
-40
-30
-40
-10
-40
-50
-30
40
-50
30
25
-30
-45
20
-50
-25
15
-30
-20
50
-45
-5
-15
-45
-25
-5
-5
-20
20
20
25
10
35
35
15
45
15
35
-20
10
0
-35
-5
-40
-40
10
-50
-10
35
-15
-25
50
-45
0
-5
-5
-10
50
-10
30
-40
-10
-5
5
-30
